0,273
0,270
10,126
10,83
10,275
10,193
10,269
10,35
10,151
10,223
10,229
10,3
11,4
11,24
11,11
11,15
11,20
8,4
8,13
8,6
8,18
8,14
8,10
50,4
50,3
50,2
50,1
50,0
49,4
49,3
49,2
49,1
49,0
45,4
45,3
45,2
45,1
45,0
44,4
44,3
44,2
44,1
44,0
42,5
42,4
42,3
42,2
42,1
42,0
39,5
39,4
39,3
39,2
39,1
39,0
37,5
37,4
37,3
37,2
37,1
25,3
25,1
20,3
20,2
20,1
17,3
17,2
17,1
16,3
19,2
19,1
16,2
16,1
15,3
19,3
15,2
15,1
12,3
12,2
12,1
11,30
11,29
11,28
11,27
11,26
11,25
11,23
11,22
11,21
11,19
11,18
11,17
11,13
11,10
11,9
11,8
11,7
11,6
11,5
11,3
11,2
11,1
10,317
10,307
10,295
10,284
10,257
10,255
